date,lat,lon,z,Silicate,directory,filename
19310528,49.2667,-123.783,-0.0,9.00000000000000000000,ocldb1501177110.21693.OSD,wod_000047977O.nc
19310528,49.2667,-123.783,-1.0,10.00000000000000000000,ocldb1501177110.21693.OSD,wod_000047977O.nc
19310528,49.2667,-123.783,-2.0,10.00000000000000000000,ocldb1501177110.21693.OSD,wod_000047977O.nc
19310528,49.2667,-123.783,-4.0,11.00000000000000000000,ocldb1501177110.21693.OSD,wod_000047977O.nc
19310528,49.2667,-123.783,-6.0,8.00000000000000000000,ocldb1501177110.21693.OSD,wod_000047977O.nc
19310528,49.2667,-123.783,-10.0,14.00000000000000000000,ocldb1501177110.21693.OSD,wod_000047977O.nc
19310528,49.2667,-123.783,-20.0,31.00000000000000000000,ocldb1501177110.21693.OSD,wod_000047977O.nc
19310528,49.2667,-123.783,-30.0,32.00000000000000000000,ocldb1501177110.21693.OSD,wod_000047977O.nc
19310528,49.2667,-123.783,-50.0,35.00000000000000000000,ocldb1501177110.21693.OSD,wod_000047977O.nc
19310528,49.2667,-123.783,-100.0,37.00000000000000000000,ocldb1501177110.21693.OSD,wod_000047977O.nc
19310528,49.2667,-123.783,-200.0,38.00000000000000000000,ocldb1501177110.21693.OSD,wod_000047977O.nc
19310528,49.2667,-123.783,-360.0,41.00000000000000000000,ocldb1501177110.21693.OSD,wod_000047977O.nc
19310715,49.2667,-123.783,-0.0,26.00000000000000000000,ocldb1501177110.21693.OSD,wod_000048581O.nc
19310715,49.2667,-123.783,-1.0,24.00000000000000000000,ocldb1501177110.21693.OSD,wod_000048581O.nc
19310715,49.2667,-123.783,-2.0,23.00000000000000000000,ocldb1501177110.21693.OSD,wod_000048581O.nc
19310715,49.2667,-123.783,-4.0,21.00000000000000000000,ocldb1501177110.21693.OSD,wod_000048581O.nc
19310715,49.2667,-123.783,-6.0,19.00000000000000000000,ocldb1501177110.21693.OSD,wod_000048581O.nc
19310715,49.2667,-123.783,-10.0,25.00000000000000000000,ocldb1501177110.21693.OSD,wod_000048581O.nc
19310715,49.2667,-123.783,-20.0,27.00000000000000000000,ocldb1501177110.21693.OSD,wod_000048581O.nc
19310715,49.2667,-123.783,-30.0,31.00000000000000000000,ocldb1501177110.21693.OSD,wod_000048581O.nc
19310715,49.2667,-123.783,-50.0,37.00000000000000000000,ocldb1501177110.21693.OSD,wod_000048581O.nc
19310715,49.2667,-123.783,-100.0,37.00000000000000000000,ocldb1501177110.21693.OSD,wod_000048581O.nc
19310715,49.2667,-123.783,-200.0,43.00000000000000000000,ocldb1501177110.21693.OSD,wod_000048581O.nc
19310715,49.2667,-123.783,-400.0,43.00000000000000000000,ocldb1501177110.21693.OSD,wod_000048581O.nc
19310814,49.2667,-123.783,-0.0,16.00000000000000000000,ocldb1501177110.21693.OSD,wod_000049103O.nc
19310814,49.2667,-123.783,-1.0,17.00000000000000000000,ocldb1501177110.21693.OSD,wod_000049103O.nc
19310814,49.2667,-123.783,-2.0,15.00000000000000000000,ocldb1501177110.21693.OSD,wod_000049103O.nc
19310814,49.2667,-123.783,-4.0,14.00000000000000000000,ocldb1501177110.21693.OSD,wod_000049103O.nc
19310814,49.2667,-123.783,-6.0,21.00000000000000000000,ocldb1501177110.21693.OSD,wod_000049103O.nc
19310814,49.2667,-123.783,-10.0,15.00000000000000000000,ocldb1501177110.21693.OSD,wod_000049103O.nc
19310814,49.2667,-123.783,-20.0,29.00000000000000000000,ocldb1501177110.21693.OSD,wod_000049103O.nc
19310814,49.2667,-123.783,-25.0,38.00000000000000000000,ocldb1501177110.21693.OSD,wod_000049103O.nc
19310814,49.2667,-123.783,-30.0,39.00000000000000000000,ocldb1501177110.21693.OSD,wod_000049103O.nc
19310814,49.2667,-123.783,-50.0,42.00000000000000000000,ocldb1501177110.21693.OSD,wod_000049103O.nc
19310814,49.2667,-123.783,-100.0,40.00000000000000000000,ocldb1501177110.21693.OSD,wod_000049103O.nc
19310814,49.2667,-123.783,-200.0,40.00000000000000000000,ocldb1501177110.21693.OSD,wod_000049103O.nc
19310814,49.2667,-123.783,-400.0,40.00000000000000000000,ocldb1501177110.21693.OSD,wod_000049103O.nc
19311003,49.2667,-123.783,-0.0,29.00000000000000000000,ocldb1501177110.21693.OSD,wod_000049608O.nc
19311003,49.2667,-123.783,-1.0,28.00000000000000000000,ocldb1501177110.21693.OSD,wod_000049608O.nc
19311003,49.2667,-123.783,-2.0,29.00000000000000000000,ocldb1501177110.21693.OSD,wod_000049608O.nc
19311003,49.2667,-123.783,-4.0,30.00000000000000000000,ocldb1501177110.21693.OSD,wod_000049608O.nc
19311003,49.2667,-123.783,-6.0,30.00000000000000000000,ocldb1501177110.21693.OSD,wod_000049608O.nc
19311003,49.2667,-123.783,-10.0,33.00000000000000000000,ocldb1501177110.21693.OSD,wod_000049608O.nc
19311003,49.2667,-123.783,-20.0,35.00000000000000000000,ocldb1501177110.21693.OSD,wod_000049608O.nc
19311003,49.2667,-123.783,-30.0,41.00000000000000000000,ocldb1501177110.21693.OSD,wod_000049608O.nc
19311003,49.2667,-123.783,-50.0,39.00000000000000000000,ocldb1501177110.21693.OSD,wod_000049608O.nc
19311003,49.2667,-123.783,-107.0,40.00000000000000000000,ocldb1501177110.21693.OSD,wod_000049608O.nc
19311013,49.2667,-123.783,-0.0,21.00000000000000000000,ocldb1501177110.21693.OSD,wod_000049651O.nc
19311013,49.2667,-123.783,-1.0,21.00000000000000000000,ocldb1501177110.21693.OSD,wod_000049651O.nc
19311013,49.2667,-123.783,-2.0,24.00000000000000000000,ocldb1501177110.21693.OSD,wod_000049651O.nc
19311013,49.2667,-123.783,-4.0,23.00000000000000000000,ocldb1501177110.21693.OSD,wod_000049651O.nc
19311013,49.2667,-123.783,-6.0,24.00000000000000000000,ocldb1501177110.21693.OSD,wod_000049651O.nc
19311013,49.2667,-123.783,-10.0,24.00000000000000000000,ocldb1501177110.21693.OSD,wod_000049651O.nc
19311013,49.2667,-123.783,-20.0,27.00000000000000000000,ocldb1501177110.21693.OSD,wod_000049651O.nc
19311013,49.2667,-123.783,-30.0,28.00000000000000000000,ocldb1501177110.21693.OSD,wod_000049651O.nc
19311013,49.2667,-123.783,-50.0,29.00000000000000000000,ocldb1501177110.21693.OSD,wod_000049651O.nc
19311013,49.2667,-123.783,-100.0,29.00000000000000000000,ocldb1501177110.21693.OSD,wod_000049651O.nc
19311013,49.2667,-123.783,-200.0,31.00000000000000000000,ocldb1501177110.21693.OSD,wod_000049651O.nc
19311013,49.2667,-123.783,-405.0,8.00000000000000000000,ocldb1501177110.21693.OSD,wod_000049651O.nc
