date,lat,lon,z,Phosphate,directory,filename
19290727,38.8333,-126.033,-0.0,0.25999999046325683594,ocldb1501177032.9614.OSD,wod_000041248O.nc
19290727,38.8333,-126.033,-5.0,0.28000000119209289551,ocldb1501177032.9614.OSD,wod_000041248O.nc
19290727,38.8333,-126.033,-51.0,0.25999999046325683594,ocldb1501177032.9614.OSD,wod_000041248O.nc
19290727,38.8333,-126.033,-76.0,0.28000000119209289551,ocldb1501177032.9614.OSD,wod_000041248O.nc
19290727,38.8333,-126.033,-103.0,0.36000001430511474609,ocldb1501177032.9614.OSD,wod_000041248O.nc
19290727,38.8333,-126.033,-155.0,1.19000005722045898438,ocldb1501177032.9614.OSD,wod_000041248O.nc
19290727,38.8333,-126.033,-208.0,1.73000001907348632812,ocldb1501177032.9614.OSD,wod_000041248O.nc
19290727,38.8333,-126.033,-284.0,2.07999992370605468750,ocldb1501177032.9614.OSD,wod_000041248O.nc
19290727,38.8333,-126.033,-420.0,2.49000000953674316406,ocldb1501177032.9614.OSD,wod_000041248O.nc
19290727,38.8333,-126.033,-495.0,2.57999992370605468750,ocldb1501177032.9614.OSD,wod_000041248O.nc
19290727,38.8333,-126.033,-622.0,2.86999988555908203125,ocldb1501177032.9614.OSD,wod_000041248O.nc
19290727,38.8333,-126.033,-877.0,2.99000000953674316406,ocldb1501177032.9614.OSD,wod_000041248O.nc
19290727,38.8333,-126.033,-1267.0,2.99000000953674316406,ocldb1501177032.9614.OSD,wod_000041248O.nc
19290727,38.8333,-126.033,-1896.0,2.86999988555908203125,ocldb1501177032.9614.OSD,wod_000041248O.nc
19290727,38.8333,-126.033,-2507.0,2.71000003814697265625,ocldb1501177032.9614.OSD,wod_000041248O.nc
19290904,37.0833,-123.717,-0.0,0.37999999523162841797,ocldb1501177032.9614.OSD,wod_000041713O.nc
19290904,37.0833,-123.717,-5.0,0.36000001430511474609,ocldb1501177032.9614.OSD,wod_000041713O.nc
19290904,37.0833,-123.717,-22.0,0.40999999642372131348,ocldb1501177032.9614.OSD,wod_000041713O.nc
19290904,37.0833,-123.717,-46.0,0.87000000476837158203,ocldb1501177032.9614.OSD,wod_000041713O.nc
19290904,37.0833,-123.717,-67.0,1.57000005245208740234,ocldb1501177032.9614.OSD,wod_000041713O.nc
19290904,37.0833,-123.717,-92.0,1.90999996662139892578,ocldb1501177032.9614.OSD,wod_000041713O.nc
19290904,37.0833,-123.717,-187.0,2.07999992370605468750,ocldb1501177032.9614.OSD,wod_000041713O.nc
19290904,37.0833,-123.717,-279.0,2.32999992370605468750,ocldb1501177032.9614.OSD,wod_000041713O.nc
19290904,37.0833,-123.717,-373.0,2.71000003814697265625,ocldb1501177032.9614.OSD,wod_000041713O.nc
19290904,37.0833,-123.717,-467.0,2.85999989509582519531,ocldb1501177032.9614.OSD,wod_000041713O.nc
19290904,37.0833,-123.717,-476.0,2.84999990463256835938,ocldb1501177032.9614.OSD,wod_000041713O.nc
19290904,37.0833,-123.717,-665.0,3.02999997138977050781,ocldb1501177032.9614.OSD,wod_000041713O.nc
19290904,37.0833,-123.717,-951.0,3.01999998092651367188,ocldb1501177032.9614.OSD,wod_000041713O.nc
19290904,37.0833,-123.717,-1424.0,2.68000006675720214844,ocldb1501177032.9614.OSD,wod_000041713O.nc
19290904,37.0833,-123.717,-1890.0,2.76999998092651367188,ocldb1501177032.9614.OSD,wod_000041713O.nc
19290904,37.0833,-123.717,-2322.0,2.55999994277954101562,ocldb1501177032.9614.OSD,wod_000041713O.nc
19290904,37.0833,-123.717,-2771.0,2.59999990463256835938,ocldb1501177032.9614.OSD,wod_000041713O.nc
19310528,49.2667,-123.783,-0.0,0.37999999523162841797,ocldb1501177032.9614.OSD,wod_000047977O.nc
19310528,49.2667,-123.783,-1.0,0.36000001430511474609,ocldb1501177032.9614.OSD,wod_000047977O.nc
19310528,49.2667,-123.783,-2.0,0.36000001430511474609,ocldb1501177032.9614.OSD,wod_000047977O.nc
19310528,49.2667,-123.783,-4.0,0.38999998569488525391,ocldb1501177032.9614.OSD,wod_000047977O.nc
19310528,49.2667,-123.783,-6.0,0.41999998688697814941,ocldb1501177032.9614.OSD,wod_000047977O.nc
19310528,49.2667,-123.783,-10.0,0.80000001192092895508,ocldb1501177032.9614.OSD,wod_000047977O.nc
19310528,49.2667,-123.783,-20.0,2.04999995231628417969,ocldb1501177032.9614.OSD,wod_000047977O.nc
19310528,49.2667,-123.783,-30.0,2.25999999046325683594,ocldb1501177032.9614.OSD,wod_000047977O.nc
19310528,49.2667,-123.783,-50.0,2.31999993324279785156,ocldb1501177032.9614.OSD,wod_000047977O.nc
19310528,49.2667,-123.783,-100.0,2.69000005722045898438,ocldb1501177032.9614.OSD,wod_000047977O.nc
19310528,49.2667,-123.783,-200.0,2.69000005722045898438,ocldb1501177032.9614.OSD,wod_000047977O.nc
19310528,49.2667,-123.783,-360.0,2.77999997138977050781,ocldb1501177032.9614.OSD,wod_000047977O.nc
19310620,49.2667,-123.783,-0.0,0.21999999880790710449,ocldb1501177032.9614.OSD,wod_000048261O.nc
19310620,49.2667,-123.783,-1.0,0.41999998688697814941,ocldb1501177032.9614.OSD,wod_000048261O.nc
19310620,49.2667,-123.783,-2.0,0.31999999284744262695,ocldb1501177032.9614.OSD,wod_000048261O.nc
19310620,49.2667,-123.783,-4.0,0.41999998688697814941,ocldb1501177032.9614.OSD,wod_000048261O.nc
19310620,49.2667,-123.783,-6.0,0.60000002384185791016,ocldb1501177032.9614.OSD,wod_000048261O.nc
19310620,49.2667,-123.783,-10.0,0.57999998331069946289,ocldb1501177032.9614.OSD,wod_000048261O.nc
19310620,49.2667,-123.783,-20.0,0.41999998688697814941,ocldb1501177032.9614.OSD,wod_000048261O.nc
19310620,49.2667,-123.783,-30.0,0.55000001192092895508,ocldb1501177032.9614.OSD,wod_000048261O.nc
19310620,49.2667,-123.783,-50.0,0.47999998927116394043,ocldb1501177032.9614.OSD,wod_000048261O.nc
19310620,49.2667,-123.783,-100.0,0.49000000953674316406,ocldb1501177032.9614.OSD,wod_000048261O.nc
19310620,49.2667,-123.783,-200.0,0.52999997138977050781,ocldb1501177032.9614.OSD,wod_000048261O.nc
19310620,49.2667,-123.783,-400.0,0.43999999761581420898,ocldb1501177032.9614.OSD,wod_000048261O.nc
19310715,49.2667,-123.783,-0.0,0.25999999046325683594,ocldb1501177032.9614.OSD,wod_000048581O.nc
19310715,49.2667,-123.783,-1.0,0.28000000119209289551,ocldb1501177032.9614.OSD,wod_000048581O.nc
19310715,49.2667,-123.783,-2.0,0.41999998688697814941,ocldb1501177032.9614.OSD,wod_000048581O.nc
19310715,49.2667,-123.783,-4.0,0.64999997615814208984,ocldb1501177032.9614.OSD,wod_000048581O.nc
19310715,49.2667,-123.783,-6.0,0.83999997377395629883,ocldb1501177032.9614.OSD,wod_000048581O.nc
19310715,49.2667,-123.783,-10.0,2.05999994277954101562,ocldb1501177032.9614.OSD,wod_000048581O.nc
19310715,49.2667,-123.783,-20.0,2.09999990463256835938,ocldb1501177032.9614.OSD,wod_000048581O.nc
19310715,49.2667,-123.783,-30.0,2.41000008583068847656,ocldb1501177032.9614.OSD,wod_000048581O.nc
19310715,49.2667,-123.783,-50.0,2.54999995231628417969,ocldb1501177032.9614.OSD,wod_000048581O.nc
19310715,49.2667,-123.783,-100.0,2.79999995231628417969,ocldb1501177032.9614.OSD,wod_000048581O.nc
19310715,49.2667,-123.783,-200.0,2.80999994277954101562,ocldb1501177032.9614.OSD,wod_000048581O.nc
19310715,49.2667,-123.783,-400.0,2.55999994277954101562,ocldb1501177032.9614.OSD,wod_000048581O.nc
